classifiation report sim_w2v_wn
              precision    recall  f1-score   support

           0       0.75      0.86      0.80         7
           1       1.00      1.00      1.00         2
           2       0.83      0.83      0.83         6
           3       0.62      0.56      0.59         9
           4       0.50      0.80      0.62         5
           5       0.62      0.83      0.71         6
           6       0.67      0.80      0.73         5
           7       0.67      0.80      0.73         5
           8       0.00      0.00      0.00         3
           9       0.71      0.83      0.77         6
          10       0.86      0.55      0.67        11
          11       1.00      0.25      0.40         4
          12       1.00      0.43      0.60         7
          13       0.80      0.80      0.80         5
          14       1.00      0.90      0.95        10
          15       0.67      1.00      0.80         2
          16       1.00      1.00      1.00         3
          17       0.67      1.00      0.80         2
          18       0.50      0.40      0.44         5
          19       1.00      0.67      0.80         3
          20       0.40      0.67      0.50         3
          21       0.67      0.80      0.73         5
          22       1.00      1.00      1.00         3
          23       0.67      0.50      0.57         4
          24       0.86      1.00      0.92         6
          25       0.71      0.62      0.67         8
          26       0.75      0.75      0.75         4
          27       0.67      0.50      0.57         4
          28       1.00      1.00      1.00         6
          29       1.00      1.00      1.00         1
          30       0.50      0.50      0.50         2
          31       1.00      1.00      1.00         4
          32       1.00      1.00      1.00         5
          33       0.71      0.83      0.77         6
          34       1.00      1.00      1.00         3
          35       1.00      1.00      1.00         3
          36       1.00      1.00      1.00         3
          37       0.80      1.00      0.89         4
          38       0.33      0.50      0.40         2
          39       1.00      1.00      1.00         2
          40       1.00      1.00      1.00         3
          41       0.67      1.00      0.80         2
          42       1.00      0.67      0.80         3
          43       0.50      0.33      0.40         3
          44       0.67      1.00      0.80         2
          45       0.90      0.90      0.90        10
          46       1.00      1.00      1.00         2
          47       1.00      0.50      0.67         2
          48       1.00      1.00      1.00         3
          49       0.33      1.00      0.50         1

    accuracy                           0.77       215
   macro avg       0.78      0.79      0.76       215
weighted avg       0.79      0.77      0.76       215

