classifiation report sim_w2v_kv
              precision    recall  f1-score   support

           0       0.88      0.88      0.88         8
           1       0.60      0.75      0.67         4
           2       0.50      1.00      0.67         3
           3       0.83      0.83      0.83         6
           4       1.00      1.00      1.00         6
           5       1.00      1.00      1.00         4
           6       0.50      0.67      0.57         6
           7       0.75      0.60      0.67         5
           8       0.75      1.00      0.86         6
           9       0.00      0.00      0.00         2
          10       0.36      1.00      0.53         4
          11       1.00      0.88      0.93         8
          12       0.80      0.67      0.73         6
          13       1.00      1.00      1.00         3
          14       1.00      1.00      1.00         7
          15       0.60      0.75      0.67         4
          16       0.75      0.86      0.80         7
          17       0.40      0.40      0.40         5
          18       0.75      0.75      0.75         4
          19       0.80      1.00      0.89         4
          20       1.00      0.75      0.86         8
          21       0.80      1.00      0.89         4
          22       1.00      0.50      0.67         6
          23       0.62      1.00      0.77         5
          24       0.67      0.80      0.73         5
          25       0.83      0.71      0.77         7
          26       1.00      1.00      1.00         2
          27       0.00      0.00      0.00         2
          28       1.00      0.83      0.91         6
          29       1.00      1.00      1.00         2
          30       0.33      0.50      0.40         2
          31       1.00      1.00      1.00         5
          32       1.00      0.50      0.67         6
          33       0.75      0.43      0.55         7
          34       1.00      0.62      0.77         8
          35       0.50      0.33      0.40         3
          36       0.83      1.00      0.91         5
          37       1.00      1.00      1.00         3
          38       1.00      0.67      0.80         6
          39       0.40      1.00      0.57         2
          40       0.00      0.00      0.00         2
          41       1.00      1.00      1.00         1
          42       1.00      1.00      1.00         3
          43       1.00      1.00      1.00         3
          44       1.00      0.50      0.67         4
          45       1.00      1.00      1.00         2
          46       1.00      0.67      0.80         3
          47       0.50      1.00      0.67         2

   micro avg       0.78      0.77      0.77       216
   macro avg       0.76      0.77      0.74       216
weighted avg       0.81      0.77      0.77       216

