classifiation report
              precision    recall  f1-score   support

           0       0.90      0.90      0.90        20
           1       0.95      0.90      0.92        20
           2       0.75      0.45      0.56        20
           3       0.38      0.55      0.45        20
           4       0.58      0.70      0.64        20
           5       0.64      0.90      0.75        20
           6       0.88      0.70      0.78        20
           7       0.59      0.80      0.68        20
           8       0.68      0.95      0.79        20
           9       0.59      0.65      0.62        20
          10       1.00      0.90      0.95        20
          11       0.74      0.85      0.79        20
          12       0.73      0.80      0.76        20
          13       0.60      0.75      0.67        20
          14       0.36      0.20      0.26        20
          15       0.95      0.95      0.95        20
          16       0.79      0.75      0.77        20
          17       0.75      0.75      0.75        20
          18       0.64      0.45      0.53        20
          19       0.94      0.75      0.83        20
          20       0.95      0.95      0.95        20
          21       0.82      0.90      0.86        20
          22       0.57      0.60      0.59        20
          23       0.69      0.55      0.61        20
          24       0.61      0.55      0.58        20
          25       0.69      0.55      0.61        20
          26       0.88      0.75      0.81        20
          27       0.68      0.85      0.76        20
          28       0.91      1.00      0.95        20
          29       0.83      0.95      0.88        20
          30       0.70      0.70      0.70        20
          31       0.70      0.70      0.70        20
          32       0.95      1.00      0.98        20
          33       0.78      0.70      0.74        20
          34       0.41      0.35      0.38        20
          35       0.76      0.80      0.78        20
          36       0.79      0.75      0.77        20
          37       0.50      0.65      0.57        20
          38       0.82      0.90      0.86        20
          39       0.89      0.85      0.87        20
          40       0.89      0.85      0.87        20
          41       0.54      0.70      0.61        20
          42       0.60      0.60      0.60        20
          43       0.36      0.20      0.26        20
          44       0.90      0.95      0.93        20
          45       0.50      0.30      0.37        20
          46       0.82      0.45      0.58        20
          47       0.71      0.85      0.77        20
          48       0.69      0.55      0.61        20
          49       0.38      0.45      0.41        20

    accuracy                           0.71      1000
   macro avg       0.72      0.71      0.71      1000
weighted avg       0.72      0.71      0.71      1000

