classifiation report sim_tfidf_kv
              precision    recall  f1-score   support

           0       1.00      0.86      0.92         7
           1       0.83      0.83      0.83         6
           2       1.00      1.00      1.00         5
           3       1.00      0.50      0.67         4
           4       1.00      1.00      1.00         2
           5       1.00      0.75      0.86         4
           6       1.00      1.00      1.00         6
           7       0.75      0.86      0.80         7
           8       0.80      1.00      0.89         4
           9       1.00      0.80      0.89         5
          10       1.00      1.00      1.00         5
          11       0.89      1.00      0.94         8
          12       1.00      1.00      1.00        10
          13       1.00      1.00      1.00         8
          14       1.00      0.50      0.67         2
          15       1.00      0.67      0.80         3
          16       1.00      1.00      1.00         4
          17       0.50      1.00      0.67         1
          18       1.00      1.00      1.00         1
          19       0.50      1.00      0.67         1
          20       1.00      0.67      0.80         3
          21       1.00      1.00      1.00         5
          22       1.00      1.00      1.00         4
          23       0.40      0.67      0.50         3
          24       1.00      1.00      1.00         3
          25       0.83      1.00      0.91         5
          26       1.00      0.67      0.80         6
          27       1.00      1.00      1.00         5
          28       1.00      1.00      1.00         1
          29       0.80      0.67      0.73         6
          30       1.00      1.00      1.00         2
          31       1.00      0.33      0.50         3
          32       1.00      0.83      0.91         6
          33       0.50      0.50      0.50         4
          34       0.00      0.00      0.00         2
          35       1.00      0.50      0.67         2
          36       1.00      1.00      1.00         4
          37       1.00      0.50      0.67         2
          38       0.40      0.67      0.50         3
          39       0.75      1.00      0.86         3
          40       0.00      0.00      0.00         1
          41       0.75      0.86      0.80         7
          42       0.25      1.00      0.40         1
          43       1.00      0.50      0.67         2
          44       1.00      1.00      1.00         2
          45       0.33      0.50      0.40         2
          46       0.00      0.00      0.00         1
          47       1.00      1.00      1.00         1

    accuracy                           0.84       182
   macro avg       0.82      0.78      0.78       182
weighted avg       0.88      0.84      0.84       182

