classifiation report sim_tfidf_wn
              precision    recall  f1-score   support

           0       1.00      1.00      1.00         7
           1       0.80      0.73      0.76        11
           2       0.75      0.50      0.60         6
           3       1.00      1.00      1.00         3
           4       1.00      1.00      1.00         4
           5       0.50      0.50      0.50         4
           6       0.67      1.00      0.80         2
           7       1.00      0.25      0.40         4
           8       0.67      1.00      0.80         2
           9       1.00      0.80      0.89         5
          10       1.00      0.33      0.50         3
          11       1.00      1.00      1.00         6
          12       0.25      0.20      0.22         5
          13       1.00      0.80      0.89         5
          14       1.00      0.33      0.50         3
          15       1.00      1.00      1.00         5
          16       1.00      0.83      0.91         6
          17       1.00      1.00      1.00         4
          18       1.00      1.00      1.00        10
          19       0.60      0.75      0.67         4
          20       1.00      1.00      1.00         1
          21       0.75      0.75      0.75         4
          22       0.60      1.00      0.75         3
          23       1.00      1.00      1.00         5
          24       0.50      1.00      0.67         3
          25       0.77      1.00      0.87        10
          26       1.00      1.00      1.00         4
          27       1.00      1.00      1.00         2
          28       1.00      1.00      1.00        10
          29       0.60      0.75      0.67         4
          30       1.00      0.40      0.57         5
          31       1.00      0.83      0.91         6
          32       0.50      0.33      0.40         3
          33       0.33      1.00      0.50         1
          34       0.67      0.67      0.67         3
          35       0.40      0.67      0.50         3
          36       0.00      0.00      0.00         1
          37       0.00      0.00      0.00         3
          38       1.00      0.50      0.67         2
          39       1.00      1.00      1.00         1
          40       0.67      1.00      0.80         2
          41       1.00      1.00      1.00         1
          42       0.00      0.00      0.00         1
          43       1.00      1.00      1.00         3
          44       1.00      1.00      1.00         1
          45       0.00      0.00      0.00         1
          46       0.50      1.00      0.67         1

    accuracy                           0.78       183
   macro avg       0.76      0.74      0.72       183
weighted avg       0.82      0.78      0.78       183

